rot0	rot1	rot2	rot3
5.355	5.355	5.355	5.355
5.35958	5.35915	5.37209	5.37253
5.35881	5.35883	5.35725	5.35723
5.35845	5.35865	5.35081	5.35062
5.3495	5.34961	5.3452	5.34509
5.3466	5.34667	5.34452	5.34445
5.33941	5.33939	5.34014	5.34016
5.33923	5.33923	5.33925	5.33925
5.33414	5.33409	5.33494	5.33498
5.33522	5.33521	5.33467	5.33467
5.33083	5.33079	5.33122	5.33125
5.33242	5.33241	5.33176	5.33175
5.32851	5.32845	5.32895	5.32898
5.33054	5.33052	5.32998	5.32996
5.32704	5.32697	5.32759	5.32759
5.32943	5.32938	5.32894	5.3289
5.32621	5.32611	5.32678	5.32678
5.32884	5.32878	5.32837	5.32832
5.32581	5.32571	5.3264	5.32637
5.32859	5.32852	5.32816	5.32807
5.3257	5.32556	5.32631	5.32625
5.32859	5.32847	5.32817	5.32805
5.32579	5.32561	5.32641	5.32631
5.32875	5.32859	5.32833	5.32816
5.32599	5.32577	5.32663	5.32647
5.32901	5.32879	5.32858	5.32836
5.32629	5.32599	5.32691	5.3267
5.32932	5.32903	5.3289	5.32862
5.32662	5.32626	5.32723	5.32695
5.32966	5.32929	5.32922	5.32886
5.32695	5.3265	5.32758	5.32722
5.33	5.32955	5.32957	5.32911
5.32731	5.32677	5.32792	5.32744
5.33038	5.32981	5.32989	5.32933
5.32768	5.32701	5.32824	5.32765
5.33072	5.33003	5.33024	5.32954
5.32802	5.32722	5.32858	5.32784
5.33105	5.33019	5.33055	5.32972
5.32834	5.32737	5.3289	5.32802
5.33138	5.33036	5.33086	5.32985
5.32866	5.32752	5.32919	5.32812
5.33169	5.33049	5.33117	5.32996
5.32896	5.32761	5.32948	5.32821
5.33199	5.33056	5.33145	5.33003
5.32926	5.32767	5.32978	5.32827
5.33227	5.3306	5.33174	5.33006
5.32955	5.32769	5.33007	5.3283
5.33256	5.33059	5.33201	5.33007
5.32984	5.32769	5.33033	5.32828
5.33287	5.3306	5.33229	5.33003
5.33012	5.32766	5.33061	5.32821
5.33314	5.33053	5.33259	5.32997
5.33039	5.32756	5.33091	5.32814
5.33344	5.33043	5.33287	5.32987
5.3307	5.32744	5.33119	5.32804
5.33374	5.3303	5.33317	5.32974
5.33102	5.32732	5.33149	5.32787
5.33405	5.33015	5.33347	5.32956
5.33132	5.32714	5.33182	5.32769
5.33436	5.32994	5.33382	5.32938
5.33165	5.3269	5.33216	5.32749
5.33471	5.32969	5.33414	5.32914
5.33202	5.32665	5.33248	5.32722
5.33507	5.32943	5.33451	5.32887
5.33239	5.32635	5.33287	5.32695
5.31811	5.3099	5.35226	5.3478
5.36322	5.35893	5.31579	5.30665
5.34576	5.33903	5.33702	5.32954
5.33353	5.32571	5.34257	5.33536
5.33534	5.32707	5.34376	5.33614
5.33426	5.32563	5.33879	5.33065
5.33855	5.3296	5.3382	5.32944
5.33591	5.3265	5.3354	5.32613
5.33845	5.32859	5.33708	5.32722
5.33515	5.32472	5.33539	5.32506
5.3378	5.32685	5.33734	5.3264
5.33491	5.32334	5.33559	5.32411
5.33792	5.32578	5.33749	5.32535
5.33523	5.32242	5.33579	5.32307
5.33833	5.32489	5.33782	5.32437
5.26874	5.24288	5.40324	5.40084
5.17989	5.1352	5.49739	5.51236
5.44519	5.44433	5.22802	5.19768
5.48775	5.49422	5.1909	5.15164
5.36684	5.39731	5.29538	5.23052
5.33484	5.30989	5.33497	5.32376
5.3472	5.27502	5.33468	5.36882
5.4122	5.39035	5.4444	5.42566
5.52339	5.51729	5.51741	5.48027
5.935	5.92022	5.96307	5.92897
6.12761	6.10433	6.15724	6.12757
6.38392	6.35461	6.3976	6.36901
6.23846	6.20738	6.24246	6.21412
6.00585	5.97014	6.04124	6.01663
5.95718	5.93155	5.90844	5.87165
5.99344	5.96099	5.98889	5.95511
6.34682	6.31387	6.32949	6.28889
6.1158	6.07525	6.14969	6.11547
5.89019	5.84869	5.92134	5.88717
5.70521	5.66459	5.71631	5.68006
3.24083	3.21726	3.24168	3.21945
3.55429	3.51752	3.61215	3.59588
3.89583	3.8673	3.87923	3.84775
4.16651	4.13636	4.13782	4.10109
4.18165	4.14476	4.18765	4.1542
4.20803	4.17348	4.19341	4.15422
3.86196	3.82859	3.85121	3.81392
3.93834	3.90633	3.91016	3.86712
3.49979	3.46065	3.52458	3.49367
3.78022	3.74029	3.78569	3.74697
4.225	4.20723	4.25967	4.18556
6.39967	6.32143	6.13172	6.06848
6.36839	6.30781	6.33291	6.24363
6.18167	6.10749	6.30058	6.22031
6.07636	5.99286	6.18089	6.10533
5.95941	5.84796	6.09697	6.04416
5.85415	5.72426	6.00578	5.96607
5.88272	5.79293	5.82961	5.74362
5.83328	5.75212	5.74409	5.64305
5.75972	5.67353	5.71058	5.60735
5.68819	5.59363	5.68121	5.57874
5.54069	5.38059	5.75133	5.70601
5.6487	5.55909	5.56838	5.44389
5.60605	5.49778	5.55613	5.44085
5.60602	5.51623	5.50095	5.35722
5.82997	5.73392	5.73529	5.57591
6.16573	6.03093	6.16766	6.0162
6.81215	6.63101	6.88337	6.73006
7.43957	7.34036	7.20045	6.92297
6.94305	6.72631	7.0357	6.87245
5.57472	5.35402	5.75059	5.64565
4.45527	4.28048	4.5396	4.44137
4.5226	4.37635	4.49229	4.35084
4.67985	4.54025	4.60756	4.43606
4.75571	4.57403	4.77085	4.61744
4.89847	4.73456	4.85837	4.66163
4.99118	4.815	4.95709	4.74672
5.06801	4.87233	5.05465	4.8365
5.13085	4.91544	5.13369	4.90747
5.19457	4.96114	5.20192	4.96426
5.24739	4.99695	5.25475	5.00385
5.29969	5.03274	5.30369	5.03698
5.25367	4.9476	5.29684	5.0429
5.41543	5.11913	5.4007	5.09112
5.98825	5.63111	5.98588	5.63499
6.45285	6.08063	6.41034	5.97813
7.18524	6.71377	7.18885	6.70753
6.99567	6.51559	6.99622	6.49015
5.60348	5.15474	5.64351	5.24791
4.55077	4.18201	4.55569	4.19762
4.59996	4.19724	4.6083	4.23331
4.77724	4.35445	4.76884	4.33995
4.93136	4.4713	4.92442	4.4552
5.06969	4.56731	5.06759	4.5588
5.33554	4.77271	5.33844	4.77424
6.64509	5.90045	6.64959	5.90644
7.12513	6.30734	7.19573	6.30927
6.95539	6.05554	6.93112	6.06525
6.48799	5.58035	6.3837	5.54076
4.91208	4.17396	4.92386	4.23253
4.52541	3.81268	4.55236	3.86165
4.7242	3.96209	4.73602	3.94874
4.94539	4.09905	4.95062	4.08131
5.14944	4.21087	5.15155	4.1981
5.32463	4.29033	5.32658	4.2874
5.48705	4.3546	5.48747	4.35408
5.62776	4.39332	5.62796	4.39749
5.76205	4.42174	5.76051	4.42347
5.87957	4.42759	5.87812	4.43222
5.99534	4.42655	5.99257	4.42751
6.0981	4.40551	6.09588	4.4098
6.20262	4.3808	6.1993	4.38108
6.29672	4.33844	6.29406	4.34262
6.39474	4.29533	6.39108	4.29499
6.48366	4.23681	6.48058	4.24083
6.57727	4.18055	6.57321	4.17949
6.66151	4.11149	6.65807	4.11527
6.74957	4.04852	6.74527	4.04661
6.82606	3.97648	6.82244	3.97994
6.90331	3.91594	6.89892	3.91309
6.96433	3.852	6.96068	3.85498
7.00436	3.828	7.03163	3.78263
6.86179	3.62863	6.81831	3.68385
6.79806	3.60065	6.82323	3.63823
6.84741	3.66246	6.83223	3.64651
6.85448	3.74009	6.83378	3.7086
6.80153	3.83233	6.79148	3.81763
6.70467	3.97462	6.70328	3.96367
6.54871	4.15556	6.55199	4.15524
6.51961	4.53841	6.50808	4.48158
6.28927	4.83422	6.30483	4.85175
6.30464	5.46739	6.32173	5.49127
6.40186	6.3484	6.41127	6.36425
5.947	6.80871	5.94726	6.80475
5.32795	7.06624	5.32699	7.05504
4.91979	7.53655	4.9193	7.52978
4.38219	7.69309	4.38686	7.68991
3.93358	7.78951	3.9364	7.79562
3.64818	8.00656	3.65165	8.00901
3.38144	8.00157	3.39288	8.0843
3.19111	8.00355	3.18104	7.9746
3.0698	7.92382	3.05715	7.88515
3.12307	7.68163	3.12222	7.65399
3.25479	7.39722	3.25857	7.39912
3.37071	7.16331	3.3767	7.16626
3.48336	7.03229	3.50309	6.96767
3.95314	7.47099	3.93292	7.5652
4.0035	7.29226	4.00326	7.29664
4.0196	7.04437	4.02171	7.02008
4.03476	6.82333	4.03602	6.80697
4.04361	6.63829	4.04739	6.62628
4.05906	6.48833	4.06143	6.48519
4.07138	6.36494	4.07433	6.36066
4.09077	6.26598	4.0916	6.26503
4.10695	6.18272	4.10861	6.1792
4.13008	6.11634	4.13029	6.11543
4.14994	6.05905	4.15139	6.05612
4.1766	6.01402	4.17691	6.01359
4.1999	5.97375	4.20143	5.97156
4.22976	5.94252	4.23018	5.9425
4.25599	5.91286	4.25763	5.91122
4.2887	5.88992	4.28921	5.89018
4.31762	5.86622	4.31933	5.86495
4.35298	5.84759	4.35359	5.84801
4.38449	5.8265	4.3863	5.82549
4.42243	5.80924	4.42322	5.80977
4.45651	5.78822	4.4585	5.7875
4.49716	5.77038	4.49808	5.77087
4.53387	5.74781	4.53604	5.74721
4.57721	5.7279	4.57832	5.72835
4.61654	5.70268	4.61888	5.70218
4.66251	5.67995	4.66379	5.68025
4.70427	5.6515	4.70674	5.65103
4.75262	5.62571	4.75397	5.62576
4.79646	5.59397	4.79898	5.59351
4.84657	5.56527	4.84804	5.56505
4.89182	5.53066	4.89442	5.53017
4.94303	5.49966	4.94453	5.49918
4.98883	5.46304	4.99139	5.46245
5.04011	5.43066	5.04147	5.4298
5.08537	5.39295	5.08777	5.3924
5.1355	5.36043	5.13677	5.35932
5.17903	5.32297	5.1812	5.32236
5.22687	5.29155	5.22786	5.29015
5.26743	5.25558	5.26932	5.25505
5.23528	5.14029	5.25892	5.18321
5.16495	4.98676	5.11533	4.99366
4.88333	4.72792	4.92318	4.67495
4.44905	4.22507	4.44943	4.20754
4.27362	4.00434	4.26611	3.99925
4.40431	4.08827	4.37707	4.05528
4.35583	3.99552	4.35893	4.0076
4.62512	4.20441	4.63494	4.22387
4.89195	4.4138	4.89873	4.42731
5.11411	4.58471	5.11711	4.59252
5.30368	4.73105	5.3026	4.73181
5.45295	4.8441	5.45149	4.84439
5.57873	4.94245	5.57641	4.94038
5.67329	5.0164	5.67236	5.01692
5.75258	5.08369	5.75096	5.08241
5.80755	5.13238	5.80697	5.13371
5.85309	5.17913	5.8514	5.17824
5.87937	5.2109	5.8786	5.2125
5.90069	5.24378	5.89879	5.24301
5.90669	5.26411	5.90578	5.26584
5.91113	5.28756	5.90914	5.28698
5.90163	5.30187	5.90071	5.30372
5.89225	5.32153	5.89028	5.32103
5.87363	5.33078	5.87279	5.33258
5.85865	5.34455	5.85673	5.34417
5.8359	5.34899	5.83508	5.35089
5.81782	5.35875	5.81596	5.35855
5.79288	5.3601	5.79217	5.36195
5.77339	5.36729	5.77167	5.36706
5.74768	5.36669	5.74713	5.36837
5.72789	5.37225	5.72636	5.37195
5.70236	5.37049	5.70201	5.37203
5.68305	5.37507	5.68167	5.3747
5.65829	5.37272	5.65808	5.37407
5.63993	5.37678	5.63873	5.37636
5.61632	5.37415	5.61629	5.37537
5.59922	5.37797	5.5982	5.37748
5.57697	5.37531	5.57713	5.37635
5.56133	5.37905	5.56048	5.37845
5.54059	5.37643	5.54087	5.37731
5.52646	5.38016	5.52574	5.37951
5.50726	5.37762	5.50771	5.37841
5.49466	5.38139	5.49409	5.38072
5.47703	5.37897	5.47758	5.37964
5.46594	5.38276	5.46547	5.38204
5.44984	5.3804	5.45047	5.38097
5.44023	5.38418	5.43982	5.38344
5.42557	5.38184	5.42625	5.38237
5.41734	5.38557	5.417	5.38483
5.40406	5.38324	5.40484	5.38372
5.39718	5.3869	5.39689	5.38615
5.38521	5.3845	5.38601	5.38494
5.37958	5.38803	5.37931	5.38733
5.3688	5.38555	5.36963	5.386
5.3643	5.38895	5.36407	5.38824
5.35467	5.38636	5.35549	5.38676
5.35126	5.38957	5.351	5.38888
5.34262	5.38683	5.34344	5.38726
5.34017	5.38986	5.33992	5.38924
5.35115	5.40478	5.31461	5.3696
5.30553	5.36552	5.35605	5.41351
5.32064	5.38347	5.32826	5.39048
5.32866	5.39463	5.31761	5.38367
5.32215	5.39099	5.31297	5.38186
5.3192	5.39065	5.31476	5.38617
5.31174	5.3853	5.3124	5.38575
5.31168	5.38702	5.31252	5.3877
5.43623	5.5105	5.17934	5.25814
5.26174	5.34039	5.35507	5.43152
5.3107	5.28121	5.31136	5.49736
5.24919	5.36113	5.37375	5.41918
5.26418	5.39476	5.3502	5.37631
5.34057	5.34461	5.26142	5.41475
5.24716	5.37288	5.24565	5.2758
5.19963	5.33331	5.25755	5.27763
5.19612	5.30613	5.28164	5.32377
5.27465	5.36359	5.24699	5.31021
5.27172	5.34782	5.26738	5.34132
5.27975	5.34981	5.28165	5.35892
5.28554	5.3533	5.28576	5.36241
5.2968	5.36348	5.29126	5.36627
5.31323	5.37887	5.30607	5.37912
5.3193	5.38353	5.31049	5.38174
5.25961	5.32138	5.25235	5.32091
5.35974	5.42077	5.38844	5.45722
5.3816	5.44105	5.36127	5.42764
5.37834	5.43592	5.34894	5.41326
5.36068	5.41635	5.34278	5.40505
5.35025	5.40417	5.34159	5.40201
5.35023	5.40267	5.31072	5.36864
5.35508	5.40579	5.36468	5.42162
5.342	5.39099	5.35936	5.41425
5.36622	5.37697	5.33548	5.42484
5.39068	5.33855	5.29021	5.43849
5.31273	5.40779	5.35824	5.35562
5.29765	5.40384	5.35697	5.33885
5.30696	5.38711	5.34233	5.34728
5.31121	5.36641	5.3254	5.35231
5.31727	5.35799	5.3176	5.3563
5.31435	5.34892	5.311	5.35284
5.31572	5.3483	5.31058	5.35167
5.31117	5.34296	5.30785	5.34674
5.31264	5.34389	5.30915	5.34602
5.30891	5.33919	5.30709	5.34214
5.31127	5.34056	5.30872	5.3424
5.30825	5.33637	5.30695	5.3393
5.3111	5.33821	5.30891	5.34011
5.57164	5.52356	5.49459	5.60105
5.34077	5.38856	5.36242	5.36913
5.3079	5.36776	5.34237	5.33422
5.30948	5.35646	5.3312	5.3343
5.30873	5.34154	5.31868	5.33427
5.31224	5.33648	5.31329	5.33615
5.30853	5.329	5.3075	5.33259
5.30991	5.32925	5.30717	5.33214
5.30569	5.32465	5.30429	5.32819
5.30748	5.32638	5.30552	5.32839
5.30403	5.32259	5.30344	5.32539
5.30663	5.32492	5.30514	5.32645
5.30382	5.32166	5.30346	5.32416
5.30688	5.32445	5.30551	5.32575
5.30441	5.32162	5.30414	5.32387
5.30772	5.32474	5.30645	5.32578
5.30543	5.32217	5.30527	5.32417
5.30886	5.32555	5.30773	5.32628
5.30667	5.32314	5.30666	5.32483
5.31016	5.32663	5.30918	5.32708
5.308	5.32432	5.30813	5.32569
5.3115	5.32788	5.31066	5.32803
5.30931	5.32562	5.30958	5.32672
5.31281	5.32922	5.3121	5.32906
4.96694	4.97825	5.65462	5.67646
5.43786	5.4552	5.19037	5.20458
5.50487	5.52244	5.12019	5.13328
5.59563	5.54302	5.02195	5.1069
5.81323	4.7683	4.81556	5.89412
5.15478	5.12344	5.47463	5.52725
5.38957	5.25509	5.26217	5.39298
5.80682	5.29878	4.83512	5.34605
5.51406	5.24194	5.18352	5.37061
5.22577	5.37404	5.56352	5.16924
5.58506	4.95935	5.24903	5.53298
5.07739	5.18888	5.8086	5.34069
4.37131	6.14526	6.44158	4.53361
4.61003	6.19705	6.09006	4.7367
5.06993	5.88063	5.6426	5.19265
4.20597	6.178	6.5975	4.91795
1.54488	8.56634	9.2146	2.6652
5.24085	5.41756	5.51308	5.80308
7.98889	4.01645	3.29742	6.50763
9.19454	3.37958	2.51773	6.63101
4.99276	6.60842	5.92833	4.4427
6.61555	5.14161	3.27773	7.36307
5.18151	5.03735	3.88037	8.80753
5.10943	5.75655	5.0083	7.64455
8.20068	5.77272	3.86595	6.16853
7.87947	1.89377	3.86542	10.7591
4.1416	7.5186	8.43019	4.43412
4.42051	8.26673	8.76527	2.81135
5.21115	7.18228	7.36175	4.01101
5.84901	5.96659	6.48127	5.05241
6.07925	5.33989	6.12797	5.46002
6.05543	5.19999	5.98917	5.4979
5.93761	5.24905	5.91743	5.39543
5.82992	5.3146	5.86915	5.29676
5.74683	5.32805	5.82384	5.23637
5.69416	5.31871	5.7822	5.21203
5.6533	5.29254	5.73708	5.20173
5.62658	5.27661	5.69602	5.20083
5.59961	5.25915	5.65488	5.19813
5.58042	5.2529	5.6209	5.19946
5.55784	5.24182	5.58804	5.19803
5.54186	5.23895	5.56164	5.20095
5.52182	5.23003	5.53475	5.20124
5.50811	5.22881	5.51289	5.20571
5.48993	5.22177	5.48941	5.20726
5.47784	5.22223	5.47049	5.21274
5.46097	5.21699	5.44963	5.21516
5.45014	5.21908	5.43331	5.22147
5.43437	5.21563	5.41487	5.22467
5.42471	5.21939	5.40102	5.23166
5.41009	5.21772	5.38499	5.23552
5.34632	5.20806	5.4289	5.25819
5.40712	5.23104	5.33951	5.24119
5.41121	5.2416	5.31912	5.24575
5.38689	5.23661	5.32128	5.25583
5.3684	5.23916	5.32778	5.26937
5.35145	5.2403	5.32466	5.27605
5.34584	5.25021	5.32107	5.28374
5.7132	5.18413	4.93684	5.35809
5.77191	4.92974	4.86594	5.63651
6.04045	4.45767	4.5719	6.10211
7.50366	2.8635	3.14823	7.69571
4.43639	5.26768	6.25823	5.20088
3.13086	7.67725	7.43992	2.91725
3.77058	7.32315	6.61467	3.60296
4.81184	6.21589	5.88112	4.73334
5.50092	5.46111	5.56791	5.42966
2.79157	8.11081	8.44408	2.86311
3.17386	7.95515	7.98944	3.18911
3.99151	5.38742	7.16832	5.69109
8.72806	2.61102	2.97527	7.60835
11.5747	1.54038	1.44128	7.31916
8.28271	3.38628	3.4236	7.42739
4.94949	6.25708	4.7119	7.72924
4.64981	7.25339	5.90112	6.81814
5.46667	6.96653	6.47769	6.31254
6.27537	6.6424	6.32384	6.23842
6.50353	6.43963	6.15625	6.42858
6.99987	7.08077	5.43691	5.88436
13.1844	0.151231	-1.51124	13.3627
8.71344	2.89431	2.99237	9.98711
0.695825	10.6359	11.6199	0.916317
0.991764	10.4691	11.1793	0.589867
3.78112	8.00196	8.29575	3.34645
6.01935	6.21742	6.37573	5.65003
7.0616	5.50354	5.83002	6.66725
7.05138	5.6697	6.08876	6.67341
6.68658	6.10436	6.47502	6.34928
6.42777	6.33727	6.64298	6.12464
6.34939	6.33866	6.59982	6.07721
6.33542	6.21304	6.46122	6.09151
0.415694	12.1374	12.2045	0.0371743
8.20423	4.08073	4.16763	7.99042
9.19314	2.67939	2.95536	9.01541
7.81321	3.82363	4.10633	7.54643
6.58672	4.96509	5.22315	6.25266
5.94551	5.53843	5.75316	5.67131
5.71255	5.71149	5.89247	5.51555
5.67076	5.67714	5.84114	5.52506
5.68679	5.59989	5.75153	5.55652
5.68332	5.53274	5.67135	5.55941
5.66172	5.49591	5.61912	5.54014
5.61598	5.46966	5.57853	5.5062
5.57094	5.45459	5.54896	5.47202
5.52034	5.43435	5.51662	5.43676
5.47951	5.41912	5.48865	5.40652
5.43628	5.39805	5.4569	5.37598
5.40251	5.38351	5.43053	5.35067
5.36594	5.36463	5.4021	5.32496
5.33841	5.35329	5.37998	5.30503
5.30848	5.33805	5.35656	5.28488
5.28773	5.33057	5.33955	5.27101
5.26492	5.31923	5.32138	5.25689
5.25118	5.3156	5.30941	5.24919
5.23534	5.30783	5.29618	5.24095
5.22811	5.30756	5.28873	5.23897
5.21841	5.30283	5.27974	5.23583
5.21666	5.3052	5.27603	5.23851
5.21184	5.3027	5.27038	5.23932
5.13241	5.36825	5.36422	5.19702
5.18688	5.34511	5.28864	5.2106
4.00502	6.07729	6.48727	4.50501
4.70832	5.70587	5.74656	4.89032
2.73655	7.86701	7.75294	2.73555
7.29541	3.69788	3.299	6.77223
7.55079	3.25872	3.07135	7.18956
6.50899	4.18177	4.03499	6.49691
5.64997	5.08403	4.93211	5.83126
5.28856	5.53289	5.4128	5.48428
5.2499	5.65204	5.57271	5.38469
5.31265	5.61434	5.56563	5.39281
4.94024	5.12492	5.95825	5.84463
5.40744	5.43393	5.55865	5.36849
5.70343	5.68331	5.27202	5.04173
5.62359	5.69059	5.23798	5.06323
5.50677	5.62839	5.30366	5.14505
5.37169	5.47821	5.41963	5.22049
5.20763	5.27435	5.61455	5.35599
5.21097	5.26874	5.603	5.32919
11.9389	1.27659	-1.16193	9.35148
2.84339	6.5933	8.12402	3.54283
2.75484	6.91601	8.74486	2.63049
3.90104	6.48751	7.24097	3.78304
4.88263	6.1806	5.82419	5.14554
5.50945	5.92917	5.29206	5.88057
5.79546	5.79146	5.36647	6.09017
5.82	5.80018	5.60125	6.0488
5.76641	5.88087	5.75519	5.97112
5.72227	5.92689	5.7891	5.91517
5.71031	5.92165	5.76232	5.88781
5.70033	5.86466	5.71355	5.85904
5.68794	5.79724	5.66465	5.82601
5.65937	5.72146	5.61218	5.77723
5.63101	5.65459	5.5612	5.72691
5.59582	5.5842	5.50737	5.67107
5.56825	5.52345	5.4588	5.62227
5.53758	5.46221	5.41142	5.57436
5.51627	5.41415	5.37298	5.53628
5.69591	5.1316	5.13444	5.73861
5.61414	5.2035	5.1661	5.59762
5.59202	5.41289	5.15215	5.34094
5.36091	5.35338	5.33797	5.4021
5.11051	5.47146	5.54455	5.27811
5.18728	5.42627	5.46986	5.29809
5.30405	5.35282	5.35384	5.33644
5.38236	5.3077	5.28343	5.36705
5.40529	5.28456	5.25461	5.38143
5.40844	5.28503	5.2547	5.39122
5.39721	5.29023	5.2613	5.39338
5.39283	5.30473	5.27419	5.39659
5.92698	5.10647	4.74064	5.60425
5.69508	4.94177	4.93232	5.8406
7.18415	3.30736	3.44208	7.51057
6.03605	4.30976	4.65422	6.456
3.51042	7.29075	7.17449	3.41967
3.62537	7.28105	6.95133	3.49734
4.47406	6.34581	6.17835	4.41471
5.18169	5.59495	5.63641	5.14181
5.49987	5.29378	5.38463	5.47319
5.57224	5.26801	5.31652	5.54938
5.53865	5.31249	5.32516	5.51243
5.49717	5.34717	5.34607	5.46904
5.51756	5.40107	5.29265	5.38489
5.42703	5.31182	5.35935	5.44997
5.40012	5.28036	5.34835	5.4554
5.40773	5.28258	5.31593	5.44024
5.41252	5.28101	5.2871	5.41982
5.41678	5.28172	5.27508	5.41109
5.4093	5.27673	5.26941	5.40671
5.40684	5.27998	5.273	5.40914
5.4	5.28148	5.27614	5.40888
5.40154	5.2913	5.28536	5.41142
5.39841	5.2978	5.2924	5.4104
5.40207	5.31067	5.30446	5.41236
5.39948	5.31847	5.31299	5.41103
5.40269	5.33136	5.32535	5.41244
5.39906	5.33806	5.33298	5.41017
5.40084	5.34914	5.34355	5.4102
5.39551	5.35349	5.34872	5.40626
5.39539	5.36199	5.35645	5.40452
5.38817	5.36356	5.35866	5.39872
5.38613	5.3694	5.36345	5.39529
5.37722	5.36846	5.36291	5.388
5.37371	5.37207	5.36511	5.38339
5.36371	5.36915	5.36238	5.37515
5.35942	5.3712	5.36274	5.37002
5.34907	5.36701	5.35854	5.36155
5.3447	5.3682	5.35776	5.35663
5.33475	5.36338	5.35285	5.34863
5.33103	5.36421	5.35158	5.34447
5.32204	5.35925	5.34654	5.33745
5.31942	5.36018	5.3453	5.33457
5.31178	5.3554	5.34049	5.3288
5.31055	5.35667	5.33958	5.32732
5.30441	5.35226	5.33524	5.32294
5.3046	5.35391	5.33477	5.3229
5.29989	5.34987	5.33099	5.31984
5.30138	5.35193	5.33102	5.32105
5.29789	5.34821	5.32773	5.31908
5.30049	5.35056	5.32819	5.32126
5.29793	5.34705	5.32527	5.32012
5.30127	5.34957	5.326	5.32301
5.20865	5.1819	5.41414	5.48666
5.26111	5.33641	5.35772	5.34668
5.1562	5.25134	5.44892	5.43766
5.26523	5.35901	5.34717	5.35996
5.34385	5.72229	5.25553	4.99994
5.01359	6.44036	5.60679	4.27004
3.06615	9.0185	7.57423	1.63996
5.05065	5.85042	5.45732	4.94225
6.47736	2.42252	3.27343	9.09985
6.33564	3.23246	3.30028	8.49722
6.19282	4.35669	4.62942	6.48276
6.11982	5.22916	5.56819	5.14944
5.83215	5.63713	5.88337	4.9904
5.60621	5.72931	5.87076	5.28239
5.53756	5.66599	5.77156	5.51746
5.55285	5.60826	5.68808	5.5923
5.55363	5.58548	5.62481	5.56307
5.5255	5.58967	5.58296	5.51188
5.46725	5.58707	5.54688	5.46446
5.41144	5.58326	5.5192	5.42998
5.35834	5.56831	5.4901	5.39858
5.32216	5.55887	5.46753	5.37527
5.29207	5.54465	5.44557	5.35333
5.27726	5.53825	5.43247	5.34097
5.26675	5.52681	5.42172	5.33079
5.26939	5.52249	5.41933	5.33023
5.27396	5.51268	5.41774	5.33046
5.28863	5.50977	5.42217	5.33866
5.30184	5.50117	5.42516	5.34528
5.32168	5.49922	5.43184	5.35775
5.33682	5.49109	5.43533	5.36642
5.356	5.48922	5.44089	5.37915
5.36826	5.48054	5.44203	5.38651
5.3832	5.47765	5.44438	5.39684
5.39022	5.46755	5.44167	5.40109
5.39959	5.46296	5.43983	5.40786
5.40096	5.45098	5.43295	5.40849
5.40507	5.44448	5.42724	5.41176
5.40156	5.43085	5.41682	5.40922
5.40155	5.42292	5.4082	5.40962
5.39458	5.40832	5.39548	5.40478
5.39191	5.39982	5.38531	5.40324
5.38295	5.38524	5.37178	5.39705
5.37907	5.3771	5.36157	5.39449
5.36947	5.36344	5.34857	5.38782
5.36557	5.3565	5.33956	5.38505
5.35634	5.34453	5.32814	5.37851
5.35324	5.33945	5.32119	5.37605
5.34502	5.32955	5.31201	5.37007
5.34314	5.32662	5.30753	5.36818
5.3362	5.31896	5.30083	5.36295
5.33569	5.31817	5.29885	5.36177
5.33003	5.31261	5.29447	5.35727
5.33072	5.31369	5.2947	5.35675
5.18181	5.12685	5.4366	5.53597
5.2712	5.25472	5.34899	5.38669
5.3639	5.30528	5.26739	5.31704
5.40525	5.42394	5.23632	5.20223
3.35387	3.30587	7.2766	7.32787
3.41141	3.18484	7.39857	7.30427
7.91777	7.42579	3.19322	2.71459
7.94272	7.529	3.12259	2.7134
6.3414	6.32864	4.48957	4.48123
5.212	5.47382	5.56177	5.82534
4.99536	5.3057	5.85264	6.17685
5.23802	5.48287	5.718	5.98966
5.46866	5.64728	5.5346	5.74077
5.54245	5.6896	5.45963	5.62807
5.49419	5.63208	5.46272	5.61404
5.42762	5.55759	5.48483	5.62336
5.37438	5.49109	5.48652	5.60897
5.34756	5.44756	5.4769	5.58091
5.32643	5.40995	5.45847	5.54374
5.31539	5.38435	5.44623	5.51453
5.30188	5.35861	5.43488	5.48821
5.29795	5.34461	5.43092	5.4717
5.29325	5.33168	5.42587	5.45614
5.29863	5.3307	5.4261	5.44808
5.30214	5.32932	5.4239	5.43948
5.31374	5.33762	5.42614	5.43715
5.32114	5.34278	5.42529	5.43318
5.33467	5.35515	5.4281	5.4342
5.34224	5.36209	5.42708	5.43231
5.35467	5.37462	5.42898	5.43415
5.36016	5.38027	5.42641	5.43195
5.36989	5.39054	5.42628	5.4326
5.37226	5.39323	5.42147	5.4286
5.37871	5.40026	5.41888	5.42705
5.37778	5.39951	5.41167	5.42067
5.38118	5.40319	5.4069	5.41678
5.37753	5.39932	5.39773	5.40819
5.37858	5.40023	5.39135	5.40242
5.37294	5.394	5.38102	5.39237
5.37243	5.39299	5.37391	5.38556
5.36573	5.38535	5.3633	5.37494
5.36453	5.38328	5.35634	5.36802
5.35747	5.37509	5.34628	5.35777
5.35624	5.37285	5.34019	5.35156
5.34943	5.36481	5.33128	5.34239
5.34861	5.36297	5.3266	5.33759
5.34239	5.35558	5.31926	5.33
5.34223	5.35454	5.31624	5.32688
5.33672	5.34805	5.31055	5.32107
5.33727	5.34798	5.30919	5.31975
5.33251	5.34247	5.30508	5.31567
5.33373	5.34329	5.30521	5.31595
5.32956	5.33868	5.30243	5.31333
5.33129	5.34031	5.30375	5.31497
5.32755	5.33638	5.302	5.31352
5.32961	5.33862	5.30417	5.31614
3.41336	7.24796	3.39036	7.22822
-4.27523	14.9761	-4.29562	14.8858
-3.19745	13.9984	-3.21834	13.7007
3.70426	6.5995	3.98275	6.78388
4.42887	5.75121	4.66156	6.20834
4.60613	5.86175	4.71603	5.90998
4.7769	5.85897	4.79019	5.69256
4.93129	5.74202	4.9122	5.57269
5.07032	5.57357	5.0601	5.47179
5.22005	5.40705	5.21993	5.36188
39.2144	-28.5962	39.2169	-28.615
0.0895047	9.94522	-0.00473659	11.2
5.41681	6.17333	5.46841	4.20614
5.61664	5.20498	5.58289	4.86999
5.55835	4.94609	5.5948	5.17725
5.52969	4.96535	5.56306	5.23847
5.51221	5.05679	5.50927	5.21573
5.49553	5.14344	5.46746	5.20178
5.46212	5.19323	5.43498	5.21228
5.42952	5.23024	5.41234	5.24309
5.30036	5.34596	5.29428	5.3679
1.60143	9.04813	1.59947	9.07126
-10.8081	21.5218	-10.7998	21.4001
-1.15041	12.0255	-1.14006	11.5903
5.03887	5.27647	4.85314	5.70784
5.2254	5.07893	5.07274	5.48438
5.3176	5.19313	5.24867	5.16315
5.43145	5.15538	5.41349	4.99957
5.54295	5.02522	5.56124	4.91882
5.66281	4.89206	5.69705	4.85419
5.77633	4.77305	5.81192	4.77633
5.88883	4.68246	5.91679	4.69345
5.98332	4.60108	6.00569	4.61116
6.06918	4.53906	6.08736	4.53958
6.13427	4.47994	6.15279	4.4795
6.19119	4.43982	6.2094	4.43288
6.22911	4.40276	6.24838	4.3982
6.26057	4.38549	6.27856	4.3754
6.27482	4.37019	6.29245	4.36329
6.28438	4.37331	6.2996	4.36118
6.27871	4.37623	6.29289	4.36806
6.25614	4.40989	6.26759	4.39722
6.20823	4.45381	6.21857	4.44527
6.16757	4.50432	6.17512	4.49173
6.1236	4.54262	6.12998	4.53579
6.08745	4.58685	6.09107	4.57796
6.04754	4.62054	6.05017	4.61704
6.01508	4.66059	6.01517	4.65473
5.97835	4.69074	5.97787	4.68965
5.94876	4.72732	5.94612	4.72399
5.91453	4.75462	5.91174	4.75579
5.88717	4.78851	5.88256	4.78757
5.85497	4.81364	5.85049	4.81686
5.82925	4.84556	5.82325	4.84678
5.7986	4.86913	5.79305	4.87407
5.7743	4.89949	5.76745	4.9024
5.74485	4.92191	5.73868	4.92813
5.72169	4.95107	5.7144	4.95519
5.69325	4.97264	5.68685	4.97961
5.67106	5.00081	5.66368	5.0056
5.64357	5.02158	5.63722	5.02886
5.62229	5.04885	5.61509	5.05389
5.59571	5.06883	5.5897	5.07597
5.57537	5.09516	5.56859	5.10004
5.5498	5.11431	5.54425	5.12095
5.53045	5.13961	5.52419	5.14401
5.50595	5.1578	5.50104	5.16367
5.48773	5.18195	5.48217	5.18562
5.46446	5.19901	5.46027	5.20393
5.44753	5.22181	5.44271	5.22462
5.42559	5.23762	5.4222	5.24148
5.4101	5.25893	5.40611	5.26076
5.38969	5.27326	5.38711	5.27602
5.37575	5.29294	5.37256	5.29383
5.45992	5.20275	5.45818	5.20446
8.61124	2.05516	8.60872	2.05921
10.9346	-0.334737	10.9281	-0.204382
12.3443	-1.77229	12.3514	-1.67797
6.76227	3.56089	6.75016	3.56572
6.0437	4.42569	6.04367	4.11872
5.99641	4.40456	5.99467	4.328
5.93676	4.44553	5.93842	4.51121
5.85775	4.55764	5.85357	4.63935
5.76858	4.71222	5.75346	4.75655
5.65457	4.86819	5.63587	4.88491
5.52965	5.03281	5.51167	5.03147
5.387	5.19108	5.37417	5.18846
5.24316	5.35761	5.2329	5.35397
5.09126	5.51793	5.08389	5.51665
4.94621	5.68139	4.93849	5.67943
4.80054	5.8327	4.79433	5.83048
4.66868	5.97886	4.66191	5.97621
4.54288	6.10708	4.53817	6.10313
4.43662	6.2238	4.43175	6.22071
4.34094	6.31941	4.33851	6.31459
4.2678	6.4003	4.26521	6.39752
4.20656	6.45984	4.20642	6.45493
4.16784	6.50445	4.16741	6.5024
4.13976	6.52975	4.14162	6.52539
4.13199	6.54219	4.13335	6.54121
4.13586	6.53479	4.13936	6.53142
4.19194	6.48259	4.19477	6.48298
4.25112	6.41865	4.25585	6.41821
4.31184	6.36168	4.31584	6.36432
4.36271	6.30679	4.36875	6.30628
4.41544	6.2581	4.42072	6.25959
4.4592	6.2096	4.46623	6.20917
4.50566	6.16694	4.51163	6.16897
4.54389	6.12369	4.55127	6.12441
4.58551	6.0861	4.59158	6.08892
4.61949	6.04713	4.62674	6.04868
4.65742	6.01348	4.66325	6.01656
4.68823	5.97771	4.69514	5.97954
4.7234	5.94703	4.72888	5.94994
4.75187	5.91355	4.75841	5.91525
4.78507	5.88501	4.7902	5.88742
4.81186	5.8532	4.81801	5.85445
4.84361	5.82625	4.84838	5.82787
4.86918	5.79561	4.87496	5.79618
4.89992	5.76983	4.90429	5.77049
4.92458	5.74003	4.92995	5.73981
4.95449	5.71521	4.95846	5.71481
4.97838	5.68614	4.98328	5.68499
5.00755	5.66216	5.01107	5.66069
5.03069	5.63375	5.03508	5.63177
5.05911	5.6106	5.06208	5.60816
5.08142	5.58296	5.08524	5.58025
5.10893	5.56081	5.11133	5.5575
5.13027	5.53404	5.13349	5.53072
5.1567	5.51302	5.15851	5.50906
-6.67553	17.3397	-6.67296	17.336
3.39513	7.50604	3.40522	7.03124
4.38476	6.08069	4.30806	6.55246
4.41166	6.15984	4.38109	6.38344
4.46103	6.22334	4.4487	6.19344
4.41865	6.29734	4.41725	6.20202
5.09151	5.60265	5.10521	5.52604
5.98653	4.67554	6.00567	4.66654
16.1085	-5.4654	16.1305	-5.44897
15.874	-5.39019	15.8801	-5.03302
5.86334	4.85484	5.89488	4.71108
5.45957	5.54398	5.50449	4.82991
5.45389	5.27057	5.47377	5.12803
5.44523	5.14026	5.4636	5.28689
5.43573	5.14651	5.43566	5.30861
5.43374	5.20134	5.41004	5.29009
5.42066	5.24162	5.38911	5.27362
5.40801	5.27046	5.37878	5.27632
5.38797	5.28141	5.36778	5.28638
5.37514	5.29451	5.36008	5.30271
5.35905	5.30143	5.34766	5.31451
5.35048	5.31492	5.33844	5.32793
5.33727	5.32261	5.32602	5.33636
5.33033	5.33578	5.318	5.34745
5.31809	5.34247	5.30739	5.35429
5.31206	5.35428	5.30116	5.36414
5.30095	5.3596	5.29211	5.36968
5.2962	5.37006	5.28732	5.37824
5.2864	5.37411	5.27957	5.38238
5.28294	5.38332	5.27601	5.38963
5.27438	5.38617	5.26948	5.39251
5.27212	5.39409	5.26711	5.39855
5.26474	5.39575	5.26171	5.40021
5.26363	5.40248	5.26042	5.40516
5.25732	5.40301	5.25603	5.40578
5.25726	5.40863	5.2557	5.40973
5.25199	5.4081	5.25226	5.40939
5.25289	5.41272	5.25279	5.4125
5.24855	5.41127	5.25014	5.41132
5.25031	5.41501	5.25142	5.41369
5.2468	5.4127	5.24949	5.41181
5.24936	5.41568	5.2514	5.41355
5.24658	5.41269	5.25005	5.41105
5.24979	5.41501	5.25251	5.41227
5.24764	5.41139	5.25165	5.40931
5.25142	5.4132	5.25455	5.41008
5.24978	5.40908	5.25413	5.40676
5.25409	5.41039	5.25743	5.40711
5.25305	5.40571	5.25751	5.4033
5.25783	5.40656	5.26118	5.40332
5.25707	5.40167	5.26138	5.39933
4.805	5.8594	4.80814	5.85629
5.2576	5.4104	5.26237	5.38916
7.67672	2.97797	7.67716	2.99686
5.64343	4.96376	5.64267	5.06891
14.2639	-3.55234	14.2772	-3.65933
12.0969	-1.59179	12.0872	-1.27559
7.49526	2.83407	7.58733	2.92044
6.75016	3.65236	6.8386	3.55788
5.64756	4.77113	5.67585	4.78726
5.54965	4.90624	5.54364	4.94666
5.44958	5.04051	5.42091	5.10828
5.3268	5.19648	5.29394	5.2472
5.20069	5.36448	5.1689	5.3862
-15.0828	25.6678	-15.1084	25.6737
-2.21375	13.2116	-2.20207	12.3986
4.47409	5.25909	4.72309	5.95443
4.6826	5.06052	4.9332	5.72176
4.00642	6.17842	4.12817	6.21923
4.89713	5.55175	4.91358	5.31674
4.99581	5.47795	4.98426	5.32878
10.7949	-0.306698	10.7974	-0.390109
25.4756	-15.1177	25.4621	-14.9765
6.4468	3.79345	6.40672	4.25909
5.14736	5.84315	5.16639	4.82972
5.06278	5.65261	5.0499	5.29546
4.96561	5.53127	4.97403	5.63961
4.88706	5.599	4.88628	5.79779
4.81581	5.7356	4.79025	5.86035
4.75155	5.87092	4.70984	5.91296
4.68095	5.97019	4.64369	5.96894
4.62069	6.04629	4.59384	6.03531
4.56497	6.09954	4.55006	6.09087
4.52692	6.14424	4.51696	6.14188
4.49513	6.1752	4.48882	6.17363
4.47912	6.19996	4.47237	6.20031
4.4665	6.2117	4.46177	6.20975
4.4674	6.21765	4.46254	6.21711
4.46992	6.21213	4.46775	6.20964
4.49323	6.19385	4.49121	6.19337
4.5304	6.15221	4.53085	6.15056
4.57238	6.11423	4.57256	6.11519
4.60659	6.07528	4.6089	6.0745
-12.3683	23.0544	-12.3665	23.0548
4.34481	6.68395	4.38665	5.9499
4.3879	5.96182	4.30196	6.72135
4.37234	6.21407	4.35507	6.4224
4.40009	6.34635	4.38516	6.24041
4.42686	6.32577	4.42459	6.18355
4.46502	6.25047	4.47826	6.17443
4.51181	6.16505	4.53436	6.1456
4.57883	6.08892	4.59805	6.09849
4.65273	6.01087	4.66663	6.02271
4.74134	5.93084	4.74851	5.93985
4.83223	5.83765	4.83822	5.84129
4.93601	5.73916	4.94057	5.74139
5.04096	5.6285	5.04725	5.62943
5.1572	5.51668	5.16272	5.51738
5.27157	5.39649	5.27815	5.39687
5.39338	5.28012	5.39843	5.27917
5.50864	5.15914	5.51414	5.15844
5.62666	5.04714	5.63041	5.04428
5.73343	4.93429	5.73746	4.93267
5.83876	4.83534	5.84097	4.83101
5.92902	4.73861	5.93142	4.73651
6.01472	4.65951	6.01536	4.65431
6.08304	4.58433	6.08381	4.5823
6.14528	4.52884	6.14439	4.52342
6.18947	4.4774	6.18872	4.476
6.22762	4.44607	6.22534	4.44112
6.24849	4.41765	6.24648	4.41729
6.26454	4.40835	6.26121	4.40444
6.26505	4.40007	6.26218	4.40108
6.26267	4.40919	6.25867	4.40658
6.23757	4.42646	6.23418	4.42886
6.19554	4.47531	6.19123	4.47378
6.14858	4.51474	6.14509	4.51749
6.1098	4.55982	6.10548	4.55971
6.06751	4.59416	6.06408	4.59919
6.03302	4.63499	6.02879	4.63715
5.99457	4.66602	5.99131	4.67221
5.96355	4.70363	5.95953	4.70652
5.92816	4.73189	5.92523	4.73823
5.89981	4.76674	5.89619	4.76985
5.86686	4.79279	5.86436	4.79901
5.84063	4.82549	5.83744	4.8286
5.80953	4.8498	5.80748	4.8557
5.78503	4.88082	5.78224	4.88373
5.75541	4.9038	5.75374	4.90925
5.73224	4.93346	5.72978	4.93602
5.70389	4.95536	5.70251	4.96019
5.6818	4.98387	5.67961	4.98594
5.65449	5.00482	5.65337	5.00899
5.63344	5.03226	5.63145	5.03382
5.60713	5.05234	5.60618	5.05579
5.58703	5.07876	5.5852	5.07977
5.56171	5.09794	5.56091	5.10067
5.54262	5.12327	5.54093	5.12372
5.51834	5.14145	5.51773	5.14351
5.50034	5.16562	5.49878	5.16555
5.47724	5.1827	5.47674	5.18412
5.46045	5.20557	5.45905	5.20507
5.4386	5.22141	5.4383	5.22227
5.4232	5.24287	5.42192	5.24197
5.40278	5.25734	5.40262	5.25773
5.38882	5.27723	5.3877	5.276
5.36997	5.2902	5.36995	5.29016
5.35756	5.30845	5.35663	5.30698
5.34033	5.3198	5.34054	5.31948
5.32962	5.33629	5.3289	5.33468
5.3141	5.34598	5.31453	5.34544
5.30513	5.3607	5.30458	5.35897
5.29133	5.36869	5.29193	5.36799
5.28409	5.38162	5.2837	5.37987
5.27204	5.38789	5.27281	5.38713
5.2665	5.39907	5.26629	5.39737
5.25613	5.40367	5.25709	5.4029
5.25227	5.41315	5.25222	5.41153
5.24352	5.41616	5.24461	5.41547
5.24123	5.42406	5.24129	5.42255
5.234	5.42557	5.23518	5.42496
5.23314	5.43201	5.23328	5.43066
5.2273	5.43216	5.22856	5.43168
5.22776	5.43728	5.22795	5.43607
5.2232	5.4362	5.22448	5.43582
5.22483	5.44012	5.22503	5.43907
5.22136	5.43795	5.22264	5.43772
5.22402	5.44085	5.22424	5.43994
5.22148	5.43774	5.22276	5.43767
5.22503	5.43978	5.22519	5.43902
5.2233	5.43589	5.22453	5.43594
5.22757	5.43722	5.22768	5.43656
5.22648	5.43267	5.22763	5.43285
5.23135	5.4334	5.23139	5.43286
5.231	5.42813	5.23209	5.42842
5.23662	5.42815	5.23656	5.42767
5.23667	5.42245	5.23767	5.42283
6.84143	3.82334	6.8413	3.82293
9.66326	0.964222	9.65991	1.03178
17.7399	-7.12213	17.7329	-7.02255
8.16245	2.36513	8.13385	2.65468
5.89269	5.04782	5.90263	4.49052
5.75967	5.02746	5.76257	4.7725
5.62965	4.99303	5.64211	5.06582
5.49365	5.09134	5.5009	5.23508
5.36387	5.26029	5.35209	5.35391
5.22258	5.42988	5.20101	5.46714
5.08193	5.59179	5.05998	5.59614
4.93657	5.73217	4.92262	5.72905
4.80394	5.86596	4.7953	5.86456
4.67736	5.98429	4.6731	5.9856
4.56965	6.09586	4.56496	6.09926
4.47103	6.19006	4.46736	6.19189
4.39296	6.27323	4.38792	6.2756
4.32495	6.33717	4.32153	6.33665
4.27783	6.38855	4.27384	6.38941
4.24033	6.4217	4.23853	6.41965
4.22246	6.44345	4.22021	6.4434
4.21204	6.44954	4.212	6.44652
4.22143	6.44389	4.22083	6.44326
4.26526	6.3957	4.26671	6.39232
4.3237	6.3404	4.32444	6.34071
4.37322	6.28653	4.37591	6.2842
4.42484	6.23923	4.42686	6.23822
4.46771	6.19206	4.47163	6.18835
4.51339	6.15052	4.51652	6.14866
4.55098	6.10817	4.55572	6.10482
4.59201	6.07135	4.59569	6.06998
4.62552	6.03301	4.63057	6.03055
4.66293	6.00003	4.6668	5.99926
4.69335	5.96483	4.69844	5.96306
4.72805	5.93479	4.73186	5.93438
4.75608	5.90192	4.76101	5.90068
4.78882	5.87406	4.79239	5.87386
4.81511	5.8429	4.81973	5.84203
4.84635	5.81666	4.84963	5.81655
4.8713	5.78682	4.87557	5.78616
4.9014	5.76186	4.90429	5.76171
4.92539	5.73291	4.92927	5.73234
4.95451	5.70905	4.95701	5.70875
4.97767	5.6809	4.98107	5.68029
5.00597	5.65794	5.008	5.65742
5.02827	5.63056	5.03121	5.62993
5.05575	5.60851	5.05734	5.60773
5.07713	5.58201	5.07959	5.58123
5.10371	5.56093	5.10483	5.55987
5.12407	5.5353	5.1261	5.53447
5.14956	5.51539	5.15025	5.5141
5.16876	5.49084	5.17034	5.48994
5.19297	5.47228	5.19322	5.47079
5.21081	5.449	5.21196	5.44807
5.23361	5.43187	5.23345	5.43026
5.24986	5.4101	5.25061	5.40922
5.27098	5.39468	5.27048	5.393
5.28555	5.37451	5.28594	5.37373
5.30488	5.36092	5.30403	5.35927
5.31754	5.34256	5.31762	5.34195
5.33499	5.33089	5.33386	5.32932
5.34572	5.31439	5.34552	5.31403
5.36113	5.30473	5.35978	5.30334
5.36985	5.2902	5.36946	5.29008
5.38329	5.28259	5.38177	5.28131
5.38998	5.27	5.38945	5.27016
5.40144	5.26434	5.39984	5.26333
5.40623	5.25366	5.4056	5.25408
5.41578	5.24995	5.41408	5.24913
5.41872	5.24105	5.41804	5.24173
5.42646	5.23916	5.42476	5.23855
5.42766	5.23196	5.42701	5.23291
5.43378	5.2317	5.43214	5.2313
5.43345	5.22606	5.43285	5.22719
5.43809	5.22732	5.4365	5.22703
5.43634	5.22306	5.43584	5.22432
5.43967	5.2256	5.43821	5.22547
5.43674	5.22252	5.43636	5.22392
5.43897	5.22622	5.43761	5.22616
5.43502	5.22417	5.43473	5.22561
5.43633	5.22877	5.43509	5.22876
5.43152	5.2276	5.43138	5.22907
5.43206	5.23298	5.43095	5.23298
5.42659	5.23247	5.42658	5.23394
5.42651	5.23846	5.42554	5.23844
5.42053	5.23848	5.42066	5.23991
5.42005	5.2449	5.41919	5.24484
5.41367	5.24534	5.4139	5.24666
5.41265	5.25228	5.41189	5.25217
5.40589	5.25312	5.40621	5.25435
5.40477	5.26014	5.4041	5.25995
5.39798	5.26104	5.3984	5.26218
5.39687	5.26804	5.39628	5.26776
5.39012	5.26891	5.3906	5.26995
5.38909	5.27584	5.38855	5.27551
5.3824	5.27664	5.38294	5.27759
5.38145	5.28348	5.38097	5.28307
5.37491	5.28419	5.37547	5.28501
5.37409	5.29088	5.37362	5.29038
5.3677	5.29141	5.36829	5.29218
5.36703	5.29792	5.3666	5.29738
5.36083	5.29831	5.36146	5.29898
5.36038	5.30459	5.35997	5.30401
5.35436	5.30481	5.355	5.30541
5.35413	5.31088	5.35371	5.31024
5.34834	5.31086	5.34897	5.31142
5.34831	5.3167	5.34789	5.31604
5.34274	5.31648	5.34337	5.31697
5.34295	5.32208	5.34254	5.3214
5.33761	5.32161	5.33826	5.32209
5.33808	5.32697	5.33765	5.32627
5.33298	5.32626	5.3336	5.32672
5.3337	5.33135	5.33324	5.33067
5.32884	5.33044	5.32943	5.33087
5.32976	5.3353	5.32931	5.33461
5.3251	5.33415	5.32572	5.33458
5.32629	5.33875	5.32585	5.33806
5.32189	5.33737	5.32248	5.33782
5.32328	5.34178	5.3228	5.34112
